0.00740741 0.266115
0.0148148 0.912278
0.0222222 0.772344
0.0296296 0.720528
0.037037 0.684672
0.0444444 0.63265
0.0518519 0.644039
0.0592593 0.616678
0.0666667 0.551637
0.0740741 0.535597
0.0814815 0.495382
0.0888889 0.491052
0.0962963 0.488747
0.103704 0.487187
0.111111 0.478101
0.118519 0.467369
0.125926 0.458145
0.133333 0.438841
0.140741 0.451341
0.148148 0.445337
0.155556 0.451272
0.162963 0.45173
0.17037 0.438178
0.177778 0.465217
0.185185 0.477247
0.192593 0.467704
0.2 0.46384
0.207407 0.458979
0.214815 0.445678
0.222222 0.446221
0.22963 0.442744
0.237037 0.431539
0.244444 0.437163
0.251852 0.436188
0.259259 0.427376
0.266667 0.438489
0.274074 0.435393
0.281481 0.433264
0.288889 0.43291
0.296296 0.427764
0.303704 0.418263
0.311111 0.418356
0.318519 0.411669
0.325926 0.408424
0.333333 0.406731
0.340741 0.401039
0.348148 0.396699
0.355556 0.396772
0.362963 0.391778
0.37037 0.388994
0.377778 0.384221
0.385185 0.385243
0.392593 0.380891
0.4 0.377939
0.407407 0.374093
0.414815 0.372849
0.422222 0.371667
0.42963 0.368002
0.437037 0.363609
0.444444 0.358721
0.451852 0.354187
0.459259 0.352764
0.466667 0.356654
0.474074 0.353025
0.481481 0.351876
0.488889 0.348371
0.496296 0.345904
0.503704 0.343022
0.511111 0.340952
0.518519 0.337396
0.525926 0.339874
0.533333 0.344071
0.540741 0.343053
0.548148 0.341244
0.555556 0.338403
0.562963 0.338148
0.57037 0.338862
0.577778 0.338793
0.585185 0.335561
0.592593 0.334268
0.6 0.335779
0.607407 0.334518
0.614815 0.331272
0.622222 0.331364
0.62963 0.330692
0.637037 0.327777
0.644444 0.324215
0.651852 0.321379
0.659259 0.317829
0.666667 0.314914
0.674074 0.311878
0.681481 0.310345
0.688889 0.308357
0.696296 0.307548
0.703704 0.305037
0.711111 0.303006
0.718519 0.301254
0.725926 0.298429
0.733333 0.295659
0.740741 0.293146
0.748148 0.290765
0.755556 0.287962
0.762963 0.285861
0.77037 0.284003
0.777778 0.281643
0.785185 0.280271
0.792593 0.278448
0.8 0.276423
0.807407 0.274142
0.814815 0.27168
0.822222 0.269448
0.82963 0.267445
0.837037 0.265474
0.844444 0.263721
0.851852 0.2615
0.859259 0.259876
0.866667 0.257917
0.874074 0.256031
0.881481 0.253932
0.888889 0.252266
0.896296 0.250443
0.903704 0.248767
0.911111 0.246804
0.918519 0.244868
0.925926 0.243343
0.933333 0.241751
0.940741 0.240039
0.948148 0.238276
0.955556 0.236827
0.962963 0.235146
0.97037 0.233431
0.977778 0.231888
0.985185 0.230248
0.992593 0.228613
1 0.227135
1.00741 0.225687
1.01481 0.22418
1.02222 0.222692
1.02963 0.221243
1.03704 0.219944
1.04444 0.21866
1.05185 0.217131
1.05926 0.21573
1.06667 0.214419
1.07407 0.213011
1.08148 0.21168
1.08889 0.210321
1.0963 0.209003
1.1037 0.207772
1.11111 0.206435
1.11852 0.205221
1.12593 0.203919
1.13333 0.202666
1.14074 0.201424
1.14815 0.200141
1.15556 0.19886
1.16296 0.197682
1.17037 0.196688
1.17778 0.195592
1.18519 0.194542
1.19259 0.193477
1.2 0.192415
1.20741 0.191384
1.21481 0.190417
1.22222 0.189354
1.22963 0.188347
1.23704 0.187408
1.24444 0.186339
1.25185 0.185313
1.25926 0.184304
1.26667 0.183252
1.27407 0.182349
1.28148 0.181311
1.28889 0.180337
1.2963 0.179413
1.3037 0.178523
1.31111 0.177698
1.31852 0.176723
1.32593 0.175891
1.33333 0.17497
1.34074 0.174023
1.34815 0.173099
1.35556 0.172284
1.36296 0.171411
1.37037 0.170537
1.37778 0.169706
1.38519 0.168882
1.39259 0.167986
1.4 0.167266
1.40741 0.16649
1.41481 0.165665
1.42222 0.164987
1.42963 0.164227
1.43704 0.163472
1.44444 0.162719
1.45185 0.161901
1.45926 0.161151
1.46667 0.160466
1.47407 0.159772
1.48148 0.159139
1.48889 0.158484
1.4963 0.157729
1.5037 0.157122
1.51111 0.156359
1.51852 0.155698
1.52593 0.155038
1.53333 0.154363
1.54074 0.153683
1.54815 0.153056
1.55556 0.152329
1.56296 0.151641
1.57037 0.150959
1.57778 0.150294
1.58519 0.149674
1.59259 0.14906
1.6 0.148492
1.60741 0.147839
1.61481 0.147162
1.62222 0.146591
1.62963 0.146014
1.63704 0.145401
1.64444 0.144863
1.65185 0.14431
1.65926 0.143774
1.66667 0.143149
1.67407 0.142554
1.68148 0.141963
1.68889 0.141364
1.6963 0.140786
1.7037 0.140234
1.71111 0.139693
1.71852 0.139107
1.72593 0.138532
1.73333 0.137966
1.74074 0.137549
1.74815 0.136997
1.75556 0.136542
1.76296 0.136013
1.77037 0.135531
1.77778 0.134977
1.78519 0.134423
1.79259 0.133946
1.8 0.133482
1.80741 0.133018
1.81481 0.132564
1.82222 0.132153
1.82963 0.131642
1.83704 0.131222
1.84444 0.130759
1.85185 0.130237
1.85926 0.129748
1.86667 0.129289
1.87407 0.128811
1.88148 0.128322
1.88889 0.127908
1.8963 0.127483
1.9037 0.127023
1.91111 0.126573
1.91852 0.126116
1.92593 0.125653
1.93333 0.125174
1.94074 0.124719
1.94815 0.124262
1.95556 0.123813
1.96296 0.123369
1.97037 0.122912
1.97778 0.122479
1.98519 0.122066
1.99259 0.121633
2 0.121261
2.00741 0.120873
2.01481 0.120439
2.02222 0.120087
2.02963 0.119672
2.03704 0.119306
2.04444 0.118942
2.05185 0.118523
2.05926 0.118128
2.06667 0.11775
2.07407 0.117346
2.08148 0.116979
2.08889 0.116586
2.0963 0.116236
2.1037 0.11591
2.11111 0.115549
2.11852 0.115196
2.12593 0.114824
2.13333 0.11443
2.14074 0.114102
2.14815 0.113769
2.15556 0.11346
2.16296 0.113116
2.17037 0.112743
2.17778 0.112376
2.18519 0.112045
2.19259 0.111668
2.2 0.111331
2.20741 0.111009
2.21481 0.110641
2.22222 0.110281
2.22963 0.109921
2.23704 0.109599
2.24444 0.109259
2.25185 0.108906
2.25926 0.108633
2.26667 0.108297
2.27407 0.107949
2.28148 0.107663
2.28889 0.107387
2.2963 0.107075
2.3037 0.106765
2.31111 0.106488
2.31852 0.106157
2.32593 0.105877
2.33333 0.105576
2.34074 0.105284
2.34815 0.104989
2.35556 0.104664
2.36296 0.104378
2.37037 0.104117
2.37778 0.103841
2.38519 0.103582
2.39259 0.103363
2.4 0.103098
2.40741 0.102809
2.41481 0.102562
2.42222 0.102251
2.42963 0.101963
2.43704 0.101722
2.44444 0.101443
2.45185 0.101212
2.45926 0.100971
2.46667 0.100677
2.47407 0.100395
2.48148 0.100147
2.48889 0.0998744
2.4963 0.09958
2.5037 0.0993
2.51111 0.0990494
2.51852 0.0988122
2.52593 0.0986472
2.53333 0.0984333
2.54074 0.0981478
2.54815 0.0979294
2.55556 0.097675
2.56296 0.097425
2.57037 0.0971528
2.57778 0.0968967
2.58519 0.0966228
2.59259 0.0964167
2.6 0.0961722
2.60741 0.0959233
2.61481 0.0956756
2.62222 0.0954189
2.62963 0.0952378
2.63704 0.0949856
2.64444 0.0947389
2.65185 0.0944833
2.65926 0.0942211
2.66667 0.0939817
2.67407 0.0937356
2.68148 0.093525
2.68889 0.093285
2.6963 0.0930378
2.7037 0.0928033
2.71111 0.0925778
2.71852 0.0923378
2.72593 0.0921294
2.73333 0.0918861
2.74074 0.0917122
2.74815 0.0914911
2.75556 0.091265
2.76296 0.0911006
2.77037 0.0908628
2.77778 0.0906689
2.78519 0.0904367
2.79259 0.0902194
2.8 0.0899917
2.80741 0.0897789
2.81481 0.0895511
2.82222 0.0893567
2.82963 0.089195
2.83704 0.0889728
2.84444 0.0887811
2.85185 0.0885789
2.85926 0.0883522
2.86667 0.0882078
2.87407 0.0880022
2.88148 0.0878206
2.88889 0.0876122
2.8963 0.0874061
2.9037 0.0872033
2.91111 0.0870033
2.91852 0.0867917
2.92593 0.0865872
2.93333 0.0863717
2.94074 0.0861544
2.94815 0.0859811
2.95556 0.0857772
2.96296 0.0856078
2.97037 0.0854383
2.97778 0.0852356
2.98519 0.0850461
2.99259 0.0848367
3 0.0846344
3.00741 0.0844361
3.01481 0.0842372
3.02222 0.0840756
3.02963 0.0838817
3.03704 0.08371
3.04444 0.0835194
3.05185 0.0833344
3.05926 0.0831333
3.06667 0.0829578
3.07407 0.0827756
3.08148 0.0825839
3.08889 0.0824233
3.0963 0.0822283
3.1037 0.0820522
3.11111 0.0818683
3.11852 0.0816933
3.12593 0.0815194
3.13333 0.0813483
3.14074 0.0811656
3.14815 0.0809767
3.15556 0.0807989
3.16296 0.0806506
3.17037 0.0804872
3.17778 0.0803261
3.18519 0.0801417
3.19259 0.0799683
3.2 0.0798039
3.20741 0.0796328
3.21481 0.0794539
3.22222 0.0792717
3.22963 0.0791217
3.23704 0.0789517
3.24444 0.078775
3.25185 0.0786017
3.25926 0.078435
3.26667 0.0782678
3.27407 0.07812
3.28148 0.077945
3.28889 0.0778006
3.2963 0.0776433
3.3037 0.0774794
3.31111 0.0773133
3.31852 0.0771478
3.32593 0.0769872
3.33333 0.0768406
3.34074 0.0766856
3.34815 0.0765267
3.35556 0.0763683
3.36296 0.0762006
3.37037 0.0760439
3.37778 0.0758939
3.38519 0.075755
3.39259 0.0756022
3.4 0.0754422
3.40741 0.0752872
3.41481 0.0751367
3.42222 0.0749806
3.42963 0.0748211
3.43704 0.0746861
3.44444 0.0745561
3.45185 0.0744056
3.45926 0.0742572
3.46667 0.0741089
3.47407 0.0739656
3.48148 0.0738244
3.48889 0.0736711
3.4963 0.0735417
3.5037 0.0733944
3.51111 0.0732406
3.51852 0.0731111
3.52593 0.0729689
3.53333 0.0728356
3.54074 0.0726944
3.54815 0.07258
3.55556 0.0724456
3.56296 0.0723044
3.57037 0.0721656
3.57778 0.0720172
3.58519 0.07188
3.59259 0.0717433
3.6 0.0716044
3.60741 0.0714883
3.61481 0.0713461
3.62222 0.0712161
3.62963 0.0710817
3.63704 0.0709411
3.64444 0.0708128
3.65185 0.0706778
3.65926 0.0705378
3.66667 0.0703989
3.67407 0.0702578
3.68148 0.07019
3.68889 0.0700733
3.6963 0.06995
3.7037 0.0698239
3.71111 0.0696844
3.71852 0.0695706
3.72593 0.0694367
3.73333 0.0693106
3.74074 0.0691761
3.74815 0.0690411
3.75556 0.0689094
3.76296 0.0687772
3.77037 0.0686428
3.77778 0.0685144
3.78519 0.0683828
3.79259 0.0682517
3.8 0.06812
3.80741 0.0680194
3.81481 0.0679133
3.82222 0.0677967
3.82963 0.0676711
3.83704 0.0675461
3.84444 0.0674444
3.85185 0.0673328
3.85926 0.0672083
3.86667 0.0670833
3.87407 0.0669667
3.88148 0.0668394
3.88889 0.0667256
3.8963 0.0666006
3.9037 0.0664828
3.91111 0.0663644
3.91852 0.0662622
3.92593 0.06614
3.93333 0.0660339
3.94074 0.0659128
3.94815 0.0657906
3.95556 0.065695
3.96296 0.0655739
3.97037 0.0654583
3.97778 0.0653494
3.98519 0.0652322
3.99259 0.0651189
4 0.0650067
4.00741 0.0648872
4.01481 0.0647983
4.02222 0.0646906
4.02963 0.06458
4.03704 0.0644672
4.04444 0.0643722
4.05185 0.0642617
4.05926 0.0641528
4.06667 0.0640411
4.07407 0.0639317
4.08148 0.0638167
4.08889 0.0637156
4.0963 0.0636156
4.1037 0.0635044
4.11111 0.0634039
4.11852 0.0632933
4.12593 0.0631889
4.13333 0.0630878
4.14074 0.0629839
4.14815 0.0628739
4.15556 0.062795
4.16296 0.0626933
4.17037 0.0625978
4.17778 0.0624944
4.18519 0.0624156
4.19259 0.0623078
4.2 0.0622056
4.20741 0.0620961
4.21481 0.0620028
4.22222 0.0619044
4.22963 0.0618017
4.23704 0.0617094
4.24444 0.0616033
4.25185 0.0615
4.25926 0.0614028
4.26667 0.0613028
4.27407 0.0612067
4.28148 0.0611028
4.28889 0.0609972
4.2963 0.0609
4.3037 0.0608011
4.31111 0.0607139
4.31852 0.0606139
4.32593 0.0605161
4.33333 0.0604139
4.34074 0.0603161
4.34815 0.0602144
4.35556 0.0601217
4.36296 0.0600383
4.37037 0.0599539
4.37778 0.0598561
4.38519 0.0597622
4.39259 0.0596811
4.4 0.0595861
4.40741 0.0594867
4.41481 0.0593967
4.42222 0.0593133
4.42963 0.0592144
4.43704 0.0591261
4.44444 0.0590333
4.45185 0.0589406
4.45926 0.0588444
4.46667 0.0587561
4.47407 0.0586639
4.48148 0.0585917
4.48889 0.0584961
4.4963 0.0584117
4.5037 0.0583278
4.51111 0.0582578
4.51852 0.0581778
4.52593 0.0580978
4.53333 0.0580033
4.54074 0.0579289
4.54815 0.0578361
4.55556 0.0577461
4.56296 0.0576539
4.57037 0.0575611
4.57778 0.0574678
4.58519 0.0573817
4.59259 0.0572928
4.6 0.0572011
4.60741 0.0571156
4.61481 0.0570244
4.62222 0.0569661
4.62963 0.0568806
4.63704 0.0568044
4.64444 0.0567211
4.65185 0.0566344
4.65926 0.0565494
4.66667 0.0564606
4.67407 0.0563917
4.68148 0.056305
4.68889 0.0562256
4.6963 0.0561422
4.7037 0.0560567
4.71111 0.0559739
4.71852 0.0558956
4.72593 0.0558089
4.73333 0.0557311
4.74074 0.0556672
4.74815 0.0555956
4.75556 0.0555151
4.76296 0.0554368
4.77037 0.0553585
4.77778 0.0552768
4.78519 0.0552111
4.79259 0.0551316
4.8 0.0550516
4.80741 0.0549669
4.81481 0.054895
4.82222 0.0548374
4.82963 0.0547859
4.83704 0.0547087
4.84444 0.0546559
4.85185 0.0545788
4.85926 0.0544981
4.86667 0.0544193
4.87407 0.0543406
4.88148 0.0542712
4.88889 0.0542172
4.8963 0.0541611
4.9037 0.0540863
4.91111 0.0540083
4.91852 0.0539275
4.92593 0.0538721
4.93333 0.0537951
4.94074 0.0537152
4.94815 0.0536426
4.95556 0.0535677
4.96296 0.053492
4.97037 0.0534161
4.97778 0.0533588
4.98519 0.0532848
4.99259 0.0532114
5 0.0531363
5.00741 0.0530669
5.01481 0.0529997
5.02222 0.0529267
5.02963 0.0528556
5.03704 0.0528016
5.04444 0.0527259
5.05185 0.052661
5.05926 0.0525933
5.06667 0.0525169
5.07407 0.0524468
5.08148 0.0523717
5.08889 0.0522967
5.0963 0.0522267
5.1037 0.0521663
5.11111 0.0520956
5.11852 0.0520213
5.12593 0.0519603
5.13333 0.051886
5.14074 0.051815
5.14815 0.0517548
5.15556 0.0516983
5.16296 0.0516296
5.17037 0.0515592
5.17778 0.0514866
5.18519 0.0514213
5.19259 0.0513538
5.2 0.0513016
5.20741 0.0512448
5.21481 0.0511747
5.22222 0.0511133
5.22963 0.0510494
5.23704 0.0509951
5.24444 0.0509244
5.25185 0.0508646
5.25926 0.0508037
5.26667 0.0507356
5.27407 0.0506663
5.28148 0.0505978
5.28889 0.0505416
5.2963 0.0504718
5.3037 0.0504091
5.31111 0.0503416
5.31852 0.0502811
5.32593 0.0502162
5.33333 0.0501512
5.34074 0.0500991
5.34815 0.0500338
5.35556 0.0499659
5.36296 0.0498991
5.37037 0.0498393
5.37778 0.0497812
5.38519 0.0497153
5.39259 0.0496485
5.4 0.0495953
5.40741 0.0495324
5.41481 0.0494673
5.42222 0.0494054
5.42963 0.0493406
5.43704 0.0492752
5.44444 0.0492158
5.45185 0.0491517
5.45926 0.0490878
5.46667 0.0490371
5.47407 0.0489761
5.48148 0.0489141
5.48889 0.0488561
5.4963 0.0487951
5.5037 0.0487321
5.51111 0.0486886
5.51852 0.0486261
5.52593 0.0485616
5.53333 0.0485004
5.54074 0.0484424
5.54815 0.0483911
5.55556 0.0483486
5.56296 0.0482868
5.57037 0.0482245
5.57778 0.0481721
5.58519 0.0481294
5.59259 0.0480744
5.6 0.0480154
5.60741 0.0479641
5.61481 0.047902
5.62222 0.0478473
5.62963 0.0477989
5.63704 0.0477408
5.64444 0.0476827
5.65185 0.0476272
5.65926 0.0475744
5.66667 0.0475131
5.67407 0.0474587
5.68148 0.0474169
5.68889 0.0473616
5.6963 0.0473133
5.7037 0.0472599
5.71111 0.0472039
5.71852 0.0471437
5.72593 0.0471043
5.73333 0.0470507
5.74074 0.0469968
5.74815 0.0469432
5.75556 0.0468918
5.76296 0.046853
5.77037 0.0467986
5.77778 0.0467401
5.78519 0.0466848
5.79259 0.0466307
5.8 0.0465719
5.80741 0.0465288
5.81481 0.0464768
5.82222 0.0464198
5.82963 0.0463636
5.83704 0.0463073
5.84444 0.046254
5.85185 0.046204
5.85926 0.0461692
5.86667 0.0461119
5.87407 0.0460584
5.88148 0.0460068
5.88889 0.0459523
5.8963 0.0458993
5.9037 0.0458452
5.91111 0.045792
5.91852 0.0457535
5.92593 0.0456976
5.93333 0.0456432
5.94074 0.0455908
5.94815 0.0455384
5.95556 0.0454859
5.96296 0.0454412
5.97037 0.045402
5.97778 0.0453472
5.98519 0.0452928
5.99259 0.0452407
6 0.0451862
6.00741 0.0451416
6.01481 0.0450977
6.02222 0.0450641
6.02963 0.0450152
6.03704 0.0449609
6.04444 0.0449139
6.05185 0.0448607
6.05926 0.0448118
6.06667 0.0447784
6.07407 0.0447419
6.08148 0.0446902
6.08889 0.0446366
6.0963 0.0446068
6.1037 0.0445546
6.11111 0.0445014
6.11852 0.0444494
6.12593 0.0444006
6.13333 0.0443552
6.14074 0.0443092
6.14815 0.0442563
6.15556 0.0442249
6.16296 0.0441842
6.17037 0.0441507
6.17778 0.0441138
6.18519 0.0440613
6.19259 0.044013
6.2 0.0439648
6.20741 0.0439396
6.21481 0.0438937
6.22222 0.0438437
6.22963 0.0437918
6.23704 0.0437406
6.24444 0.0436892
6.25185 0.0436555
6.25926 0.0436063
6.26667 0.0435558
6.27407 0.0435126
6.28148 0.0434616
6.28889 0.0434144
6.2963 0.0433688
6.3037 0.0433335
6.31111 0.0432851
6.31852 0.0432346
6.32593 0.0431956
6.33333 0.0431531
6.34074 0.0431033
6.34815 0.0430708
6.35556 0.0430293
6.36296 0.0429809
6.37037 0.0429319
6.37778 0.0428881
6.38519 0.0428427
6.39259 0.0427993
6.4 0.0427649
6.40741 0.0427176
6.41481 0.0426761
6.42222 0.0426287
6.42963 0.0425887
6.43704 0.0425404
6.44444 0.042495
6.45185 0.0424487
6.45926 0.0424028
6.46667 0.0423553
6.47407 0.0423071
6.48148 0.0422722
6.48889 0.0422261
6.4963 0.0421808
6.5037 0.0421342
6.51111 0.0420884
6.51852 0.0420427
6.52593 0.0420026
6.53333 0.0419742
6.54074 0.0419271
6.54815 0.0418811
6.55556 0.0418409
6.56296 0.0418017
6.57037 0.0417561
6.57778 0.0417282
6.58519 0.0416904
6.59259 0.0416451
6.6 0.0416014
6.60741 0.0415601
6.61481 0.0415141
6.62222 0.0414807
6.62963 0.0414365
6.63704 0.0413918
6.64444 0.0413556
6.65185 0.0413131
6.65926 0.041289
6.66667 0.0412488
6.67407 0.0412075
6.68148 0.0411624
6.68889 0.0411212
6.6963 0.0410773
6.7037 0.0410338
6.71111 0.0410031
6.71852 0.0409588
6.72593 0.0409157
6.73333 0.0408718
6.74074 0.0408277
6.74815 0.0407858
6.75556 0.0407447
6.76296 0.0407013
6.77037 0.0406577
6.77778 0.0406153
6.78519 0.0405722
6.79259 0.0405303
6.8 0.0404893
6.80741 0.0404619
