0.0233333 0
0.0466667 0
0.07 0
0.0933331 0
0.116667 0
0.14 0
0.163333 0
0.186667 0
0.21 0
0.233333 0
0.256667 0
0.28 0
0.303333 0
0.326667 0
0.35 0
0.373333 0
0.396667 0
0.42 0
0.443333 0
0.466667 0
0.49 0
0.513333 0
0.536667 0
0.56 0
0.583333 0
0.606667 0
0.63 0
0.653333 0
0.676667 0
0.7 0
0.723331 0
0.746669 0
0.77 0
0.793331 0
0.816669 0
0.84 0
0.863331 0
0.886669 0
0.91 0
0.933331 0
0.956669 0
0.98 0
1.00333 0
1.02667 0
1.05 0
1.07333 0
1.09667 0
1.12 0
1.14333 0
1.16667 0
1.19 0
1.21333 0
1.23667 0
1.26 0
1.28333 0
1.30667 0
1.33 0
1.35333 0
1.37667 0
1.4 0
1.42333 0
1.44667 0
1.47 0
1.49333 0
1.51667 0
1.54 0
1.56333 0
1.58667 0
1.61 0
1.63333 0
1.65667 0
1.68 0
1.70333 0
1.72667 0
1.75 0
1.77333 0
1.79667 0
1.82 0
1.84333 0
1.86667 0
1.89 0
1.91333 0
1.93667 0
1.96 0
1.98333 0
2.00667 0
2.03 0
2.05333 0
2.07667 0
2.1 0
2.12333 0
2.14667 0
2.17 0
2.19333 0
2.21667 0
2.24 0
2.26333 0
2.28667 0
2.31 0.000124875
2.33333 0.00024975
2.35667 0.000374625
2.38 0.0004995
2.40333 0.000624375
2.42667 0.00074925
2.45 0.000874125
2.47333 0.000999
2.49667 0.001124
2.52 0.001249
2.54333 0.001374
2.56667 0.001499
2.59 0.001624
2.61333 0.001749
2.63667 0.001874
2.66 0.001999
2.68333 0.002124
2.70667 0.002249
2.73 0.002374
2.75333 0.002499
2.77667 0.002624
2.8 0.002749
2.82333 0.002874
2.84667 0.002999
2.87 0.003124
2.89333 0.003249
2.91667 0.003374
2.94 0.003499
2.96333 0.003624
2.98667 0.003749
3.01 0.003874
3.03333 0.003999
3.05667 0.004124
3.08 0.004249
3.10333 0.004374
3.12667 0.004499
3.15 0.004624
3.17333 0.004749
3.19667 0.004874
3.22 0.004999
3.24333 0.005124
3.26667 0.005249
3.29 0.005374
3.31333 0.005499
3.33667 0.005624
3.36 0.005749
3.38333 0.005874
3.40667 0.00612388
3.43 0.00637375
3.45333 0.00662363
3.47667 0.0068735
3.5 0.00712338
3.52333 0.00737325
3.54667 0.00762313
3.57 0.00787313
3.59333 0.00812313
3.61667 0.00837313
3.64 0.00862313
3.66333 0.00887313
3.68667 0.00912313
3.71 0.00937313
3.73333 0.00962313
3.75667 0.00987313
3.78 0.0101231
3.80333 0.0103731
3.82667 0.0106231
3.85 0.0108731
3.87333 0.0111231
3.89667 0.0113731
3.92 0.011748
3.94333 0.0121229
3.96667 0.0124978
3.99 0.0128726
4.01333 0.0132475
4.03667 0.0136225
4.06 0.0139975
4.08333 0.0143725
4.10667 0.0147475
4.13 0.0151225
4.15333 0.0154975
4.17667 0.0158725
4.2 0.0163724
4.22333 0.0168723
4.24667 0.0173721
4.27 0.017872
4.29333 0.0183719
4.31667 0.0188719
4.34 0.0193719
4.36333 0.0198719
4.38667 0.0204968
4.41 0.0211216
4.43333 0.0217465
4.45667 0.0223714
4.48 0.0229963
4.50333 0.0236213
4.52667 0.0243711
4.55 0.025121
4.57333 0.0258709
4.59667 0.0266208
4.62 0.0274956
4.64333 0.0283705
4.66667 0.0292454
4.69 0.0301203
4.71333 0.0309951
4.73667 0.0319949
4.76 0.0329948
4.78333 0.0339946
4.80667 0.0349945
4.83 0.0361193
4.85333 0.0372441
4.87667 0.038369
4.9 0.0396188
4.92333 0.0408685
4.94667 0.0421184
4.97 0.0434931
4.99333 0.0448679
5.01667 0.0462428
5.04 0.0477425
5.06333 0.0492423
5.08667 0.050742
5.11 0.0522419
5.13333 0.0538666
5.15667 0.0556163
5.18 0.057366
5.20333 0.0592408
5.22667 0.0612404
5.25 0.0632401
5.27333 0.0653648
5.29667 0.0674895
5.32 0.0697391
5.34333 0.0721138
5.36667 0.0744885
5.39 0.0769881
5.41333 0.0796128
5.43667 0.0823624
5.46 0.085237
5.48333 0.0883615
5.50667 0.091611
5.53 0.0949855
5.55333 0.09861
5.57667 0.102609
5.6 0.106734
5.62333 0.111233
5.64667 0.115857
5.67 0.120856
5.69333 0.125981
5.71667 0.13148
5.74 0.138229
5.76333 0.145853
5.78667 0.153602
5.81 0.161475
5.83333 0.169974
5.85667 0.180722
5.88 0.19647
5.90333 0.214717
5.92667 0.232964
5.95 0.251336
5.97333 0.269834
5.99667 0.289331
6.02 0.319701
6.04333 0.350571
6.06667 0.381442
6.09 0.412437
6.11333 0.443557
6.13667 0.474927
6.16 0.506673
6.18333 0.539293
6.20667 0.574287
6.23 0.613781
6.25333 0.6534
6.27667 0.693144
6.3 0.732888
6.32333 0.772757
6.34667 0.812751
6.37 0.852995
6.39333 0.893614
6.41667 0.934858
6.44 0.977101
6.46333 1.02122
6.48667 1.06984
6.51 1.12758
6.53333 1.21394
6.55667 1.49877
