0.00740741 0.266115
0.0148148 1.55844
0.0222222 0.492481
0.0296296 0.565086
0.037037 0.541245
0.0444444 0.372538
0.0518519 0.712369
0.0592593 0.425146
0.0666667 0.0313119
0.0740741 0.391246
0.0814815 0.0932303
0.0888889 0.443416
0.0962963 0.461085
0.103704 0.466912
0.111111 0.350897
0.118519 0.306398
0.125926 0.310553
0.133333 0.110672
0.140741 0.676336
0.148148 0.331261
0.155556 0.56998
0.162963 0.461341
0.17037 0.140029
0.177778 1.08713
0.185185 0.765967
0.192593 0.229121
0.2 0.363373
0.207407 0.327728
0.214815 0.0732722
0.222222 0.461958
0.22963 0.338421
0.237037 0.0841816
0.244444 0.617145
0.251852 0.404011
0.259259 0.127764
0.266667 0.827463
0.274074 0.323901
0.281481 0.354524
0.288889 0.419436
0.296296 0.227065
0.303704 0.0382386
0.311111 0.422141
0.318519 0.130836
0.325926 0.268898
0.333333 0.332205
0.340741 0.144917
0.348148 0.197053
0.355556 0.400239
0.362963 0.152066
0.37037 0.252556
0.377778 0.145539
0.385185 0.4374
0.392593 0.154593
0.4 0.221494
0.407407 0.166364
0.414815 0.304454
0.422222 0.305487
0.42963 0.159104
0.437037 0.108833
0.444444 0.0702782
0.451852 0.0821431
0.459259 0.266015
0.466667 0.597826
0.474074 0.124381
0.481481 0.278341
0.488889 0.120543
0.496296 0.183061
0.503704 0.149916
0.511111 0.200208
0.518519 0.0920138
0.525926 0.5134
0.533333 0.641991
0.540741 0.269765
0.548148 0.209207
0.555556 0.128169
0.562963 0.319051
0.57037 0.393107
0.577778 0.333449
0.585185 0.0834429
0.592593 0.232142
0.6 0.456697
0.607407 0.232337
0.614815 0.0651623
0.622222 0.338993
0.62963 0.274175
0.637037 0.0800712
0.644444 0.0178751
0.651852 0.0746331
0.659259 0.00544917
0.666667 0.0554749
0.674074 0.0386219
0.681481 0.170813
0.688889 0.125509
0.696296 0.232315
0.703704 0.0690117
0.711111 0.110055
0.718519 0.133052
0.725926 0.0243741
0.733333 0.0242519
0.740741 0.0442766
0.748148 0.0527198
0.755556 0.00481038
0.762963 0.0715725
0.77037 0.0926415
0.777778 0.0362389
0.785185 0.136152
0.792593 0.0852815
0.8 0.059652
0.807407 0.0278013
0.814815 0.0033606
0.822222 0.0239297
0.82963 0.0451265
0.837037 0.0447099
0.844444 0.0656567
0.851852 0.00825429
0.859259 0.0731389
0.866667 0.0306287
0.874074 0.035378
0.881481 0.00624905
0.888889 0.054064
0.896296 0.0316285
0.903704 0.0460319
0.911111 0.00735444
0.918519 0.00673231
0.925926 0.054164
0.933333 0.0427602
0.940741 0.0244185
0.948148 0.0142478
0.955556 0.0513422
0.962963 0.0182972
0.97037 0.0105817
0.977778 0.0297621
0.985185 0.0137312
0.992593 0.0111872
1 0.0290623
1.00741 0.0302565
1.01481 0.0191638
1.02222 0.0188471
1.02963 0.0212579
1.03704 0.0394385
1.04444 0.0388941
1.05185 0.0015331
1.05926 0.0167808
1.06667 0.0270015
1.07407 0.0101096
1.08148 0.0187416
1.08889 0.0119093
1.0963 0.0152199
1.1037 0.0255572
1.11111 0.00727112
1.11852 0.0230798
1.12593 0.00735999
1.13333 0.012187
1.14074 0.0114483
1.14815 0.00246074
1.15556 0.000388833
1.16296 0.013959
1.17037 0.0405772
1.17778 0.0223633
1.18519 0.0276791
1.19259 0.023102
1.2 0.0213856
1.20741 0.0244018
1.21481 0.0327839
1.22222 0.0150644
1.22963 0.0221688
1.23704 0.0314841
1.24444 0.00794879
1.25185 0.0129091
1.25926 0.013709
1.26667 0.00446599
1.27407 0.0278902
1.28148 0.00267737
1.28889 0.0119315
1.2963 0.0185583
1.3037 0.0227743
1.31111 0.0325228
1.31852 0.00415492
1.32593 0.0278291
1.33333 0.010104
1.34074 0.00364944
1.34815 0.00573802
1.35556 0.0239797
1.36296 0.0116649
1.37037 0.00969297
1.37778 0.0160309
1.38519 0.0155476
1.39259 0.00041105
1.4 0.0320396
1.40741 0.0197581
1.41481 0.00894308
1.42222 0.0355335
1.42963 0.0181917
1.43704 0.017814
1.44444 0.0166641
1.45185 0.00241074
1.45926 0.0139701
1.46667 0.0256961
1.47407 0.0222744
1.48148 0.0332838
1.48889 0.0274958
1.4963 0.00597687
1.5037 0.0344614
1.51111 0.00151088
1.51852 0.0206857
1.52593 0.0197692
1.53333 0.0152866
1.54074 0.012998
1.54815 0.022641
1.55556 0.000383272
1.56296 0.00714891
1.57037 0.0070767
1.57778 0.00937635
1.58519 0.0176806
1.59259 0.0174918
1.6 0.0264793
1.60741 0.00671009
1.61481 0.000249961
1.62222 0.0221911
1.62963 0.0195193
1.63704 0.0106706
1.64444 0.0258238
1.65185 0.0216245
1.65926 0.0242408
1.66667 0.00311619
1.67407 0.00883755
1.68148 0.00823208
1.68889 0.00535474
1.6963 0.00910417
1.7037 0.0139257
1.71111 0.0150644
1.71852 0.00391052
1.72593 0.00492703
1.73333 0.00621572
1.74074 0.0399661
1.74815 0.00734888
1.75556 0.0291733
1.76296 0.0105928
1.77037 0.0207968
1.77778 0.00248851
1.78519 0.00161087
1.79259 0.0187805
1.8 0.0211634
1.80741 0.020358
1.81481 0.02178
1.82222 0.0314397
1.82963 0.00603798
1.83704 0.0273403
1.84444 0.016142
1.85185 0.000261072
1.85926 0.00755996
1.86667 0.014059
1.87407 0.00829874
1.88148 0.00459374
1.88889 0.022691
1.8963 0.0192193
1.9037 0.00926526
1.91111 0.010865
1.91852 0.00801545
1.92593 0.00588244
1.93333 0.0005888
1.94074 0.00598798
1.94815 0.0046604
1.95556 0.00570468
1.96296 0.00612685
1.97037 0.00162197
1.97778 0.00748776
1.98519 0.0117593
1.99259 0.0056047
2 0.0212134
2.00741 0.0159365
2.01481 0.00311619
2.02222 0.0240519
2.02963 0.00645458
2.03704 0.0190527
2.04444 0.0187416
2.05185 0.00311064
2.05926 0.00845427
2.06667 0.012737
2.07407 0.0046604
2.08148 0.0142812
2.08889 0.00621017
2.0963 0.0174807
2.1037 0.0235797
2.11111 0.012948
2.11852 0.0146478
2.12593 0.00861536
2.13333 0.00127758
2.14074 0.019647
2.14815 0.0176473
2.15556 0.0236908
2.16296 0.0129758
2.17037 0.00398828
2.17778 0.00461041
2.18519 0.0147533
2.19259 0.000461039
2.2 0.0116982
2.20741 0.0154921
2.21481 0.000816544
2.22222 0.00253294
2.22963 0.00186638
2.23704 0.0128258
2.24444 0.00656566
2.25185 0.00183861
2.25926 0.0259294
2.26667 0.00572135
2.27407 0.00158865
2.28148 0.0198025
2.28889 0.0221022
2.2963 0.0107872
2.3037 0.0106928
2.31111 0.0203525
2.31852 0.00274958
2.32593 0.0183472
2.33333 0.0111261
2.34074 0.0132369
2.34815 0.0119315
2.35556 0.00138313
2.36296 0.0134202
2.37037 0.021019
2.37778 0.015531
2.38519 0.0205191
2.39259 0.0328395
2.4 0.0175529
2.40741 0.00919861
2.41481 0.0221966
2.42222 0.00076655
2.42963 0.00775993
2.43704 0.0228354
2.44444 0.00938191
2.45185 0.0249462
2.45926 0.0214634
2.46667 0.00291067
2.47407 0.0064879
2.48148 0.0171529
2.48889 0.00868757
2.4963 0.000672117
2.5037 0.00497702
2.51111 0.0143867
2.51852 0.0184527
2.52593 0.0424935
2.53333 0.0255072
2.54074 0.000377717
2.54815 0.0231354
2.55556 0.0101429
2.56296 0.011165
2.57037 0.00297733
2.57778 0.00804877
2.58519 0.00119427
2.59259 0.0245018
2.6 0.0106262
2.60741 0.00865979
2.61481 0.00832651
2.62222 0.00483815
2.62963 0.0311064
2.63704 0.00557693
2.64444 0.0069045
2.65185 0.00331617
2.65926 0.000183306
2.66667 0.00810987
2.67407 0.00505479
2.68148 0.0175251
2.68889 0.00654901
2.6963 0.00313286
2.7037 0.00754329
2.71111 0.010304
2.71852 0.00439933
2.72593 0.0157032
2.73333 0.00225521
2.74074 0.0277013
2.74815 0.00955966
2.75556 0.00739332
2.76296 0.0298732
2.77037 0.00236075
2.77778 0.0179695
2.78519 0.00338837
2.79259 0.00852093
2.8 0.00419381
2.80741 0.00934303
2.81481 0.00328839
2.82222 0.0154088
2.82963 0.0276625
2.83704 0.00408272
2.84444 0.015231
2.85185 0.0109761
2.85926 0.00106651
2.86667 0.0324062
2.87407 0.00859314
2.88148 0.0172863
2.88889 0.00668232
2.8963 0.00692117
2.9037 0.00799323
2.91111 0.00863758
2.91852 0.00351613
2.92593 0.00598242
2.93333 0.00126092
2.94074 0.000188861
2.94815 0.0170641
2.95556 0.00465484
2.96296 0.0180917
2.97037 0.0175029
2.97778 0.00399939
2.98519 0.00883199
2.99259 0.000494372
3 0.00299954
3.00741 0.00404939
3.01481 0.00357723
3.02222 0.0182083
3.02963 0.00472706
3.03704 0.0136424
3.04444 0.00528808
3.05185 0.00738221
3.05926 0.000299956
3.06667 0.0102262
3.07407 0.00735999
3.08148 0.00312731
3.08889 0.0157254
3.0963 0.000760994
3.1037 0.00847093
3.11111 0.00487148
3.11852 0.00817098
3.12593 0.0084265
3.13333 0.00902085
3.14074 0.00378831
3.14815 0.00104429
3.15556 0.00514922
3.16296 0.0173751
3.17037 0.0108539
3.17778 0.0112705
3.18519 0.0010054
3.19259 0.00546028
3.2 0.00892086
3.20741 0.00587689
3.21481 0.00185527
3.22222 0.000277739
3.22963 0.0138534
3.23704 0.00482149
3.24444 0.00159976
3.25185 0.00255517
3.25926 0.00532697
3.26667 0.00478816
3.27407 0.0129758
3.28148 0.000583244
3.28889 0.0136257
3.2963 0.00792657
3.3037 0.00456041
3.31111 0.00316063
3.31852 0.00316619
3.32593 0.0050159
3.33333 0.0110928
3.34074 0.00681563
3.34815 0.00508257
3.35556 0.00459375
3.36296 0.0002944
3.37037 0.00491592
3.37778 0.00757107
3.38519 0.0125703
3.39259 0.00574357
3.4 0.00206635
3.40741 0.00427713
3.41481 0.00591022
3.42222 0.00289956
3.42963 0.00126092
3.43704 0.0120704
3.44444 0.0142423
3.45185 0.00452154
3.45926 0.00488814
3.46667 0.00498813
3.47407 0.00692117
3.48148 0.0074822
3.48889 0.00158309
3.4963 0.0126592
3.5037 0.00381609
3.51111 0.000688783
3.51852 0.0116927
3.52593 0.00544362
3.53333 0.00923192
3.54074 0.0053603
3.54815 0.0178917
3.55556 0.00820986
3.56296 0.004416
3.57037 0.00529919
3.57778 0.000661011
3.58519 0.00564358
3.59259 0.00552138
3.6 0.00417158
3.60741 0.0150422
3.61481 0.00215523
3.62222 0.00776548
3.62963 0.0053603
3.63704 0.00202747
3.64444 0.00799323
3.65185 0.00424936
3.65926 0.00146644
3.66667 0.00177195
3.67407 0.000466594
3.68148 0.0363556
3.68889 0.0120648
3.6963 0.00864868
3.7037 0.00686007
3.71111 0.000133311
3.71852 0.0123926
3.72593 0.00207746
3.73333 0.00588244
3.74074 0.00166086
3.74815 0.0006499
3.75556 0.00242185
3.76296 0.00178306
3.77037 0.000249961
3.77778 0.00308287
3.78519 0.00124426
3.79259 0.00125536
3.8 0.000783217
3.80741 0.0165586
3.81481 0.0132369
3.82222 0.0076655
3.82963 0.00290512
3.83704 0.00289401
3.84444 0.0147589
3.85185 0.00949856
3.85926 0.00238297
3.86667 0.00198859
3.87407 0.00608241
3.88148 0.000261072
3.88889 0.00722112
3.8963 0.00106095
3.9037 0.00438267
3.91111 0.00404938
3.91852 0.0121759
3.92593 0.00147755
3.93333 0.00984295
3.94074 0.00158309
3.94815 0.000894311
3.95556 0.0148089
3.96296 0.0008332
3.97037 0.00369944
3.97778 0.00673787
3.98519 0.00242185
3.99259 0.00408272
4 0.0044271
4.00741 0.000544361
4.01481 0.0168474
4.02222 0.00620461
4.02963 0.00444377
4.03704 0.00306621
4.04444 0.0126814
4.05185 0.00375499
4.05926 0.00470484
4.06667 0.00294399
4.07407 0.00388274
4.08148 0.000361056
4.08889 0.00799323
4.0963 0.00863202
4.1037 0.00192748
4.11111 0.00758774
4.11852 0.00211634
4.12593 0.00515477
4.13333 0.00663788
4.14074 0.00499924
4.14815 0.00156643
4.15556 0.0185583
4.16296 0.00549361
4.17037 0.00893753
4.17778 0.00448821
4.18519 0.0179251
4.19259 0.00131647
4.2 0.00426046
4.20741 0.00017775
4.21481 0.00900974
4.22222 0.00587133
4.22963 0.00332727
4.23704 0.00903752
4.24444 0.000872083
4.25185 0.00227188
4.25926 0.00564358
4.26667 0.00357168
4.27407 0.00584911
4.28148 0.00122759
4.2963 0.00454931
4.3037 0.00352168
4.31111 0.0100596
4.31852 0.00217744
4.32593 0.003655
4.33333 0.000860978
4.34074 0.00286623
4.34815 0.000883194
4.35556 0.00549917
4.36296 0.0111094
4.37037 0.0100429
4.37778 0.00239408
4.38519 0.00426047
4.39259 0.0114594
4.4 0.00347725
4.40741 0.000349944
4.41481 0.00593243
4.42222 0.00963187
4.42963 0.000227739
4.43704 0.00613796
4.44444 0.00358834
4.45185 0.00321618
4.45926 0.00110538
4.46667 0.00539918
4.47407 0.00317729
4.48148 0.015081
4.48889 0.000544361
4.4963 0.00709892
4.5037 0.00767106
4.51111 0.0154532
4.51852 0.00957632
4.52593 0.00942634
4.53333 0.000144422
4.54074 0.0123259
4.54815 0.000994294
4.55556 0.00252184
4.56296 0.000910972
4.57037 0.000288844
4.57778 0.000133311
4.58519 0.00394384
4.59259 0.00242741
4.6 0.000433267
4.60741 0.00399384
4.61481 0.000355506
4.62222 0.0206413
4.62963 0.00337171
4.63704 0.00927637
4.64444 0.00451043
4.65185 0.00214967
4.65926 0.00343837
4.66667 0.000322172
4.67407 0.0129647
4.68148 0.00168308
4.68889 0.00603797
4.6963 0.00350502
4.7037 0.00172752
4.71111 0.00355502
4.71852 0.00585466
4.72593 0.000577694
4.73333 0.00618239
4.74074 0.0150144
4.74815 0.00948744
4.75556 0.00406605
4.76296 0.00518254
4.77037 0.00497702
4.77778 0.00269959
4.78519 0.0128092
4.79259 0.00377165
4.8 0.00327728
4.80741 0.00011665
4.81481 0.00821542
4.82222 0.0173807
4.82963 0.0212801
4.83704 0.00434379
4.84444 0.020208
4.85185 0.00417159
4.85926 0.00158865
4.86667 0.00276069
4.87407 0.0026496
4.88148 0.00855981
4.88889 0.0186305
4.8963 0.0171196
4.9037 0.00467707
4.91111 0.0023663
4.91852 0.000361056
4.92593 0.0170752
4.93333 0.00262183
4.94074 0.000516589
4.94815 0.00517143
4.95556 0.00351613
4.96296 0.00290511
4.97037 0.0025385
4.97778 0.0149422
4.98519 0.00351613
4.99259 0.00385497
5 0.00251628
5.00741 0.00623239
5.01481 0.00755996
5.02222 0.00344947
5.02963 0.00467707
5.03704 0.0161475
5.04444 0.00124426
5.05185 0.00845427
5.05926 0.00640458
5.06667 0.000399933
5.07407 0.00445488
5.08148 0.000910972
5.08889 0.000877644
5.0963 0.00409382
5.1037 0.0106539
5.11111 0.00337171
5.11852 0.000799878
5.12593 0.00978741
5.13333 0.0004666
5.14074 0.00260516
5.14815 0.00997626
5.15556 0.0124314
5.16296 0.00381609
5.17037 0.00247184
5.17778 0.000799878
5.18519 0.00577134
5.19259 0.0041327
5.2 0.0147311
5.20741 0.0113372
5.21481 0.00189972
5.22222 0.00785991
5.22963 0.00603242
5.23704 0.0126481
5.24444 0.000988739
5.25185 0.00844871
5.25926 0.00763773
5.26667 0.00242185
5.27407 0.00135535
5.28148 0.00184416
5.28889 0.010504
5.2963 0.000633233
5.3037 0.00555471
5.31111 0.00197748
5.31852 0.00695449
5.32593 0.00361612
5.33333 0.00338281
5.34074 0.0126314
5.34815 0.00289401
5.35556 0.00102207
5.36296 0.00151088
5.37037 0.00659344
5.37778 0.00762662
5.38519 0.00189416
5.39259 0.00109427
5.4 0.0108928
5.40741 0.00363833
5.41481 0.00195526
5.42222 0.00414381
5.42963 0.0018775
5.43704 0.00134979
5.44444 0.00568802
5.45185 0.00196082
5.45926 0.00207746
5.46667 0.0116927
5.47407 0.00395496
5.48148 0.0030662
5.48889 0.00594354
5.4963 0.00357168
5.5037 0.00203302
5.51111 0.0163309
5.51852 0.00211634
5.52593 0.000544367
5.53333 0.00286623
5.54074 0.00513256
5.54815 0.00999292
5.55556 0.0164697
5.56296 0.00197748
5.57037 0.00142756
5.57778 0.00879866
5.58519 0.0160087
5.59259 0.00654345
5.6 0.00346059
5.60741 0.00917082
5.61481 0.000922083
5.62222 0.00638236
5.62963 0.0110372
5.63704 0.003655
5.64444 0.00339393
5.65185 0.00538807
5.65926 0.00727667
5.66667 0.000655456
5.67407 0.00585467
5.68148 0.0154365
5.68889 0.00493258
5.6963 0.0102151
5.7037 0.00618795
5.71111 0.00412715
5.71852 0.00070545
5.72593 0.0166197
5.73333 0.00564359
5.74074 0.00532697
5.74815 0.00532141
5.75556 0.0070156
5.76296 0.0167586
5.77037 0.00441599
5.77778 0.00121648
5.78519 0.00352724
5.79259 0.00434933
5.8 0.000605467
5.80741 0.0128536
5.81481 0.00567136
5.82222 0.00166641
5.82963 0.00218856
5.83704 0.00197192
5.84444 0.00428823
5.85185 0.0067712
5.85926 0.0186416
5.86667 0.000788767
5.87407 0.00369944
5.88148 0.00506589
5.88889 0.00267181
5.8963 0.00382164
5.9037 0.00277736
5.91111 0.00338838
5.91852 0.0149977
5.92593 0.000994289
5.93333 0.00213856
5.94074 0.00362168
5.94815 0.00357168
5.95556 0.00329395
5.96296 0.00953188
5.97037 0.0138368
5.97778 0.00116093
5.98519 0.00137757
5.99259 0.00319952
6 0.00109428
6.00741 0.00899308
6.01481 0.00952633
6.02222 0.0177029
6.02963 0.00527698
6.03704 0.00076655
6.04444 0.00664343
6.05185 0.00139423
6.05926 0.00489369
6.06667 0.0174807
6.07407 0.0148422
6.08148 0.00229965
6.08889 0.000611022
6.0963 0.0201636
6.1037 0.00149977
6.11111 0.000749883
6.11852 0.00147756
6.12593 0.00414382
6.13333 0.00680452
6.14074 0.00619906
6.14815 0.000422156
6.15556 0.0182083
6.16296 0.0103206
6.17037 0.0162753
6.17778 0.0133924
6.18519 0.000255517
6.19259 0.00366055
6.2 0.00368277
6.20741 0.0228132
6.21481 0.00543806
6.22222 0.00191082
6.22963 0.000216633
6.23704 0.000661011
6.24444 0.000405494
6.25185 0.0152366
6.25926 0.0021219
6.26667 0.000860983
6.27407 0.00691562
6.28148 0.000338839
6.28889 0.00333837
6.2963 0.0047104
6.3037 0.0132869
6.31111 0.00210524
6.31852 0.000244406
6.32593 0.00989849
6.33333 0.00681563
6.34074 0.000572128
6.34815 0.015231
6.35556 0.0074822
6.36296 0.00143311
6.37037 0.000855428
6.37778 0.00517143
6.38519 0.00382164
6.39259 0.00536029
6.4 0.0130647
6.40741 0.00183305
6.41481 0.00682118
6.42222 0.00158309
6.42963 0.00786547
6.43704 0.000716561
6.44444 0.00299954
6.45185 0.00211634
6.45926 0.00242186
6.46667 0.00102207
6.47407 0.000166639
6.48148 0.0117927
6.48889 0.0018275
6.4963 0.00251628
6.5037 0.00124981
6.51111 0.00193859
6.51852 0.00187193
6.52593 0.00669343
6.53333 0.016953
6.54074 0.000372167
6.54815 0.00127758
6.55556 0.00635459
6.56296 0.00707671
6.57037 0.00128869
6.57778 0.0170196
6.58519 0.00812655
6.59259 0.00132202
6.6 0.00279402
6.60741 0.00468262
6.61481 0.00053325
6.62222 0.0116149
6.62963 0.00194971
6.63704 0.00138867
6.64444 0.00892087
6.65185 0.00314397
6.65926 0.0197026
6.66667 0.00514366
6.67407 0.00400495
6.68148 0.000499917
6.68889 0.00398829
6.6963 0.00147755
6.7037 0.00162753
6.71111 0.0132924
6.71852 0.000749889
6.72593 0.0018886
6.73333 0.000955411
6.74074 0.000805433
6.74815 0.00261627
6.75556 0.00327728
6.76296 0.00118871
6.77037 0.000844322
6.77778 0.00184972
6.78519 0.00113316
6.79259 0.00212189
6.8 0.0028829
6.80741 0.0153643
