0.00740741 0.0588995
0.0148148 0.150011
0.0222222 0.159366
0.0296296 0.164855
0.037037 0.173637
0.0444444 0.183565
0.0518519 0.214285
0.0592593 0.215727
0.0666667 0.215727
0.0740741 0.229948
0.0814815 0.229948
0.0888889 0.230587
0.0962963 0.24684
0.103704 0.257441
0.111111 0.259849
0.118519 0.280968
0.125926 0.283852
0.133333 0.284425
0.140741 0.292404
0.148148 0.294403
0.155556 0.308149
0.162963 0.313114
0.17037 0.314506
0.177778 0.32935
0.185185 0.336018
0.192593 0.337231
0.2 0.343145
0.207407 0.354287
0.214815 0.355253
0.222222 0.356548
0.22963 0.358727
0.237037 0.359529
0.244444 0.365297
0.251852 0.368115
0.259259 0.368115
0.266667 0.377847
0.274074 0.382696
0.281481 0.383483
0.288889 0.383483
0.296296 0.384777
0.303704 0.384777
0.311111 0.386694
0.318519 0.386694
0.325926 0.391249
0.333333 0.392494
0.340741 0.392494
0.348148 0.392494
0.355556 0.393133
0.362963 0.393887
0.37037 0.393887
0.377778 0.394477
0.385185 0.396475
0.392593 0.396475
0.4 0.396475
0.407407 0.397049
0.414815 0.397049
0.422222 0.397671
0.42963 0.398589
0.437037 0.398589
0.444444 0.398589
0.451852 0.398589
0.459259 0.400621
0.466667 0.401358
0.474074 0.401358
0.481481 0.401997
0.488889 0.401997
0.496296 0.401997
0.503704 0.401997
0.511111 0.401997
0.518519 0.401997
0.525926 0.402718
0.533333 0.409845
0.540741 0.409845
0.548148 0.409845
0.555556 0.409845
0.562963 0.410418
0.57037 0.412712
0.577778 0.414219
0.585185 0.414219
0.592593 0.414957
0.6 0.414957
0.607407 0.416333
0.614815 0.416333
0.622222 0.416939
0.62963 0.416939
0.637037 0.418528
0.644444 0.418528
0.651852 0.419364
0.659259 0.419364
0.666667 0.419364
0.674074 0.419364
0.681481 0.419364
0.688889 0.419364
0.696296 0.423427
0.703704 0.423427
0.711111 0.424181
0.718519 0.425229
0.725926 0.427376
0.733333 0.427965
0.740741 0.427965
0.748148 0.427965
0.755556 0.427965
0.762963 0.427965
0.77037 0.427965
0.777778 0.427965
0.785185 0.427965
0.792593 0.427965
0.8 0.427965
0.807407 0.427965
0.814815 0.427965
0.822222 0.427965
0.82963 0.427965
0.837037 0.427965
0.844444 0.427965
0.851852 0.427965
0.859259 0.427965
0.866667 0.427965
0.874074 0.429276
0.881481 0.429276
0.888889 0.429276
0.896296 0.429276
0.903704 0.429948
0.911111 0.429948
0.918519 0.429948
0.925926 0.429948
0.933333 0.429948
0.940741 0.429948
0.948148 0.429948
0.955556 0.429948
0.962963 0.429948
0.97037 0.429948
0.977778 0.429948
0.985185 0.429948
0.992593 0.429948
1 0.429948
1.00741 0.430521
1.01481 0.430521
1.02222 0.431537
1.02963 0.431537
1.03704 0.43234
1.04444 0.433847
1.05185 0.433847
1.05926 0.433847
1.06667 0.433847
1.07407 0.433847
1.08148 0.433847
1.08889 0.433847
1.0963 0.433847
1.1037 0.433847
1.11111 0.434519
1.11852 0.434519
1.12593 0.434519
1.13333 0.434519
1.14074 0.434519
1.14815 0.434519
1.15556 0.434519
1.16296 0.434519
1.17037 0.434519
1.17778 0.434519
1.18519 0.435207
1.19259 0.435207
1.2 0.435207
1.20741 0.435813
1.21481 0.435813
1.22222 0.435813
1.22963 0.435813
1.23704 0.435813
1.24444 0.435813
1.25185 0.435813
1.25926 0.435813
1.26667 0.435813
1.27407 0.435813
1.28148 0.435813
1.28889 0.435813
1.2963 0.435813
1.3037 0.436534
1.31111 0.436534
1.31852 0.436534
1.32593 0.436534
1.33333 0.436534
1.34074 0.436534
1.34815 0.436534
1.35556 0.436534
1.36296 0.436534
1.37037 0.436534
1.37778 0.436534
1.38519 0.436534
1.39259 0.436534
1.4 0.436534
1.40741 0.436534
1.41481 0.436534
1.42222 0.436534
1.42963 0.436534
1.43704 0.437976
1.44444 0.437976
1.45185 0.437976
1.45926 0.437976
1.46667 0.439795
1.47407 0.439795
1.48148 0.440385
1.48889 0.440385
1.4963 0.440385
1.5037 0.440385
1.51111 0.440385
1.51852 0.440385
1.52593 0.440385
1.53333 0.440385
1.54074 0.440385
1.54815 0.440385
1.55556 0.440385
1.56296 0.440385
1.57037 0.440385
1.57778 0.440385
1.58519 0.441007
1.59259 0.441007
1.6 0.441007
1.60741 0.441007
1.61481 0.441007
1.62222 0.441007
1.62963 0.441007
1.63704 0.441007
1.64444 0.441007
1.65185 0.441007
1.65926 0.441007
1.66667 0.441007
1.67407 0.441007
1.68148 0.441007
1.68889 0.441007
1.6963 0.441007
1.7037 0.441007
1.71111 0.441007
1.71852 0.441007
1.72593 0.441007
1.73333 0.441007
1.74074 0.441007
1.74815 0.441007
1.75556 0.441007
1.76296 0.441007
1.77037 0.441007
1.77778 0.441007
1.78519 0.441007
1.79259 0.441007
1.8 0.441007
1.80741 0.441007
1.81481 0.441007
1.82222 0.441007
1.82963 0.441007
1.83704 0.44199
1.84444 0.44199
1.85185 0.44199
1.85926 0.44199
1.86667 0.44199
1.87407 0.44199
1.88148 0.44199
1.88889 0.44199
1.8963 0.44199
1.9037 0.44199
1.91111 0.44199
1.91852 0.44199
1.92593 0.44199
1.93333 0.44199
1.94074 0.44199
1.94815 0.44199
1.95556 0.44199
1.96296 0.44199
1.97037 0.44199
1.97778 0.44199
1.98519 0.44199
1.99259 0.44199
2 0.44199
2.00741 0.44199
2.01481 0.44199
2.02222 0.44199
2.02963 0.44199
2.03704 0.44199
2.04444 0.44199
2.05185 0.44199
2.05926 0.44199
2.06667 0.44199
2.07407 0.44199
2.08148 0.44199
2.08889 0.44199
2.0963 0.44199
2.1037 0.44199
2.11111 0.44199
2.11852 0.44199
2.12593 0.44199
2.13333 0.44199
2.14074 0.44199
2.14815 0.443973
2.15556 0.443973
2.16296 0.443973
2.17037 0.443973
2.17778 0.443973
2.18519 0.443973
2.19259 0.443973
2.2 0.443973
2.20741 0.443973
2.21481 0.443973
2.22222 0.443973
2.22963 0.443973
2.23704 0.443973
2.24444 0.443973
2.25185 0.443973
2.25926 0.443973
2.26667 0.443973
2.27407 0.443973
2.28148 0.44507
2.28889 0.447217
2.2963 0.447217
2.3037 0.447217
2.31111 0.447938
2.31852 0.447938
2.32593 0.447938
2.33333 0.447938
2.34074 0.447938
2.34815 0.447938
2.35556 0.447938
2.36296 0.447938
2.37037 0.447938
2.37778 0.447938
2.38519 0.447938
2.39259 0.447938
2.4 0.447938
2.40741 0.447938
2.41481 0.44874
2.42222 0.44874
2.42963 0.44874
2.43704 0.44874
2.44444 0.44874
2.45185 0.44874
2.45926 0.44874
2.46667 0.44874
2.47407 0.44874
2.48148 0.44874
2.48889 0.44874
2.4963 0.44874
2.5037 0.44874
2.51111 0.44874
2.51852 0.44874
2.52593 0.44874
2.53333 0.44874
2.54074 0.44874
2.54815 0.44874
2.55556 0.44874
2.56296 0.44874
2.57037 0.44874
2.57778 0.449445
2.58519 0.449445
2.59259 0.449445
2.6 0.449445
2.60741 0.449445
2.61481 0.449445
2.62222 0.449445
2.62963 0.449445
2.63704 0.449445
2.64444 0.449445
2.65185 0.449445
2.65926 0.449445
2.66667 0.449445
2.67407 0.450428
2.68148 0.450428
2.68889 0.450428
2.6963 0.450428
2.7037 0.450428
2.71111 0.450428
2.71852 0.450428
2.72593 0.450428
2.73333 0.450428
2.74074 0.450428
2.74815 0.450428
2.75556 0.450428
2.76296 0.451018
2.77037 0.451018
2.77778 0.451018
2.78519 0.451018
2.79259 0.451018
2.8 0.451018
2.80741 0.451018
2.81481 0.451018
2.82222 0.452574
2.82963 0.452574
2.83704 0.452574
2.84444 0.452574
2.85185 0.452574
2.85926 0.452574
2.86667 0.45264
2.87407 0.45264
2.88148 0.45264
2.88889 0.45264
2.8963 0.45264
2.9037 0.45264
2.91111 0.45264
2.91852 0.45264
2.92593 0.45264
2.93333 0.45264
2.94074 0.45264
2.94815 0.45264
2.95556 0.45264
2.96296 0.45264
2.97037 0.45264
2.97778 0.45264
2.98519 0.45264
2.99259 0.45264
3 0.45264
3.00741 0.45264
3.01481 0.45264
3.02222 0.45264
3.02963 0.45264
3.03704 0.45264
3.04444 0.45264
3.05185 0.45264
3.05926 0.45264
3.06667 0.45264
3.07407 0.45264
3.08148 0.45264
3.08889 0.45264
3.0963 0.45264
3.1037 0.453344
3.11111 0.453344
3.11852 0.454147
3.12593 0.454147
3.13333 0.454147
3.14074 0.454147
3.14815 0.454147
3.15556 0.454147
3.16296 0.454147
3.17037 0.454147
3.17778 0.454147
3.18519 0.454147
3.19259 0.454147
3.2 0.454147
3.20741 0.454147
3.21481 0.454147
3.22222 0.454147
3.22963 0.454147
3.23704 0.454147
3.24444 0.454147
3.25185 0.454147
3.25926 0.454147
3.26667 0.454147
3.27407 0.454147
3.28148 0.454147
3.28889 0.454147
3.2963 0.454147
3.3037 0.454147
3.31111 0.454147
3.31852 0.454147
3.32593 0.454147
3.33333 0.454147
3.34074 0.454147
3.34815 0.454147
3.35556 0.454147
3.36296 0.454147
3.37037 0.454147
3.37778 0.454147
3.38519 0.454147
3.39259 0.454147
3.4 0.454147
3.40741 0.454147
3.41481 0.454147
3.42222 0.454147
3.42963 0.454147
3.43704 0.454147
3.44444 0.454721
3.45185 0.455523
3.45926 0.455523
3.46667 0.455523
3.47407 0.455523
3.48148 0.455523
3.48889 0.455523
3.4963 0.455523
3.5037 0.455523
3.51111 0.455523
3.51852 0.455523
3.52593 0.455523
3.53333 0.45613
3.54074 0.45613
3.54815 0.45613
3.55556 0.45613
3.56296 0.45613
3.57037 0.45613
3.57778 0.45613
3.58519 0.45613
3.59259 0.45613
3.6 0.45613
3.60741 0.45613
3.61481 0.45613
3.62222 0.45613
3.62963 0.45613
3.63704 0.45613
3.64444 0.45613
3.65185 0.45613
3.65926 0.45613
3.66667 0.45613
3.67407 0.45613
3.68148 0.462159
3.68889 0.46342
3.6963 0.464158
3.7037 0.464158
3.71111 0.464158
3.71852 0.464158
3.72593 0.464158
3.73333 0.464158
3.74074 0.464158
3.74815 0.464158
3.75556 0.464158
3.76296 0.464158
3.77037 0.464158
3.77778 0.464158
3.78519 0.464158
3.79259 0.464158
3.8 0.464158
3.80741 0.464158
3.81481 0.464158
3.82222 0.464158
3.82963 0.464158
3.83704 0.464158
3.84444 0.464158
3.85185 0.464158
3.85926 0.464158
3.86667 0.464158
3.87407 0.464158
3.88148 0.464158
3.88889 0.464158
3.8963 0.464158
3.9037 0.464158
3.91111 0.464158
3.91852 0.464158
3.92593 0.464158
3.93333 0.464158
3.94074 0.464158
3.94815 0.464158
3.95556 0.464158
3.96296 0.464158
3.97037 0.464158
3.97778 0.464158
3.98519 0.464158
3.99259 0.464158
4 0.464158
4.00741 0.464158
4.01481 0.464158
4.02222 0.464158
4.02963 0.464158
4.03704 0.464158
4.04444 0.464158
4.05185 0.464158
4.05926 0.464158
4.06667 0.464158
4.07407 0.464158
4.08148 0.464158
4.08889 0.464797
4.0963 0.464797
4.1037 0.464797
4.11111 0.464797
4.11852 0.464797
4.12593 0.464797
4.13333 0.464797
4.14074 0.464797
4.14815 0.465386
4.15556 0.466943
4.16296 0.466943
4.17037 0.466943
4.17778 0.466943
4.18519 0.466943
4.19259 0.466943
4.2 0.466943
4.20741 0.466943
4.21481 0.468418
4.22222 0.468418
4.22963 0.468418
4.23704 0.468418
4.24444 0.468418
4.25185 0.468418
4.25926 0.468418
4.26667 0.468418
4.27407 0.468418
4.28148 0.468418
4.28889 0.468418
4.2963 0.468418
4.3037 0.468418
4.31111 0.468418
4.31852 0.468418
4.32593 0.468418
4.33333 0.468418
4.34074 0.468418
4.34815 0.468418
4.35556 0.468418
4.36296 0.468418
4.37037 0.468418
4.37778 0.468418
4.38519 0.468418
4.39259 0.468418
4.4 0.468418
4.40741 0.468418
4.41481 0.472202
4.42222 0.47679
4.42963 0.47679
4.43704 0.47679
4.44444 0.47679
4.45185 0.47679
4.45926 0.47679
4.46667 0.47679
4.47407 0.47679
4.48148 0.47679
4.48889 0.47679
4.4963 0.47679
4.5037 0.500383
4.51111 0.505298
4.51852 0.505298
4.52593 0.522894
4.53333 0.523812
4.54074 0.536231
4.54815 0.536231
4.55556 0.536231
4.56296 0.536231
4.57037 0.536231
4.57778 0.536231
4.58519 0.536231
4.59259 0.536231
4.6 0.536231
4.60741 0.536231
4.61481 0.536231
4.62222 0.536772
4.62963 0.536772
4.63704 0.536772
4.64444 0.536772
4.65185 0.536772
4.65926 0.541113
4.66667 0.541834
4.67407 0.559676
4.68148 0.559676
4.68889 0.559676
4.6963 0.559676
4.7037 0.559676
4.71111 0.559676
4.71852 0.559676
4.72593 0.559676
4.73333 0.567901
4.74074 0.581844
4.74815 0.581844
4.75556 0.581844
4.76296 0.581844
4.77037 0.594279
4.77778 0.598244
4.78519 0.600882
4.79259 0.600882
4.8 0.600882
4.80741 0.600882
4.81481 0.600882
4.82222 0.610074
4.82963 0.640892
4.83704 0.649575
4.84444 0.650411
4.85185 0.650411
4.85926 0.650411
4.86667 0.650411
4.87407 0.650411
4.88148 0.650411
4.88889 0.650411
4.8963 0.675282
4.9037 0.682474
4.91111 0.685964
4.91852 0.687078
4.92593 0.691961
4.93333 0.691961
4.94074 0.691961
4.94815 0.691961
4.95556 0.691961
4.96296 0.691961
4.97037 0.691961
4.97778 0.700071
4.98519 0.700071
4.99259 0.700071
5 0.700071
5.00741 0.700071
5.01481 0.700071
5.02222 0.700612
5.02963 0.71249
5.03704 0.726285
5.04444 0.726285
5.05185 0.726285
5.05926 0.726285
5.06667 0.726285
5.07407 0.726285
5.08148 0.726285
5.08889 0.726285
5.0963 0.731151
5.1037 0.740851
5.11111 0.740851
5.11852 0.740851
5.12593 0.740851
5.13333 0.740851
5.14074 0.740851
5.14815 0.754908
5.15556 0.754908
5.16296 0.754908
5.17037 0.754908
5.17778 0.754908
5.18519 0.754908
5.19259 0.766262
5.2 0.782024
5.20741 0.782024
5.21481 0.782024
5.22222 0.782024
5.22963 0.791854
5.23704 0.792083
5.24444 0.792083
5.25185 0.792083
5.25926 0.792083
5.26667 0.796392
5.27407 0.799587
5.28148 0.804765
5.28889 0.806043
5.2963 0.806043
5.3037 0.806043
5.31111 0.806043
5.31852 0.806043
5.32593 0.806043
5.33333 0.81199
5.34074 0.820559
5.34815 0.820559
5.35556 0.820559
5.36296 0.820559
5.37037 0.820559
5.37778 0.835288
5.38519 0.839777
5.39259 0.841514
5.4 0.847904
5.40741 0.847904
5.41481 0.847904
5.42222 0.847904
5.42963 0.847904
5.43704 0.847904
5.44444 0.847904
5.45185 0.847904
5.45926 0.848969
5.46667 0.85508
5.47407 0.85508
5.48148 0.85508
5.48889 0.85508
5.4963 0.85508
5.5037 0.85508
5.51111 0.884014
5.51852 0.884014
5.52593 0.884014
5.53333 0.884014
5.54074 0.884014
5.54815 0.907738
5.55556 0.927137
5.56296 0.927137
5.57037 0.927137
5.57778 0.927137
5.58519 0.957005
5.59259 0.957005
5.6 0.957005
5.60741 0.957005
5.61481 0.957005
5.62222 0.963444
5.62963 0.969555
5.63704 0.969555
5.64444 0.969555
5.65185 0.969555
5.65926 0.969555
5.66667 0.969555
5.67407 0.969555
5.68148 0.969555
5.68889 0.969555
5.6963 0.969555
5.7037 0.974945
5.71111 0.98838
5.71852 0.990838
5.72593 1.00124
5.73333 1.00124
5.74074 1.00124
5.74815 1.00124
5.75556 1.01051
5.76296 1.02857
5.77037 1.02857
5.77778 1.02857
5.78519 1.04436
5.79259 1.0598
5.8 1.06134
5.80741 1.0643
5.81481 1.0643
5.82222 1.0643
5.82963 1.0643
5.83704 1.0643
5.84444 1.0643
5.85185 1.0643
5.85926 1.0643
5.86667 1.0643
5.87407 1.0643
5.88148 1.0643
5.88889 1.06753
5.8963 1.08449
5.9037 1.09506
5.91111 1.10628
5.91852 1.11136
5.92593 1.11136
5.93333 1.11136
5.94074 1.11136
5.94815 1.11136
5.95556 1.11136
5.96296 1.11136
5.97037 1.11675
5.97778 1.11675
5.98519 1.11675
5.99259 1.11675
6 1.11675
6.00741 1.11675
6.01481 1.11781
6.02222 1.13269
6.02963 1.13269
6.03704 1.13269
6.04444 1.13969
6.05185 1.14155
6.05926 1.16117
6.06667 1.18556
6.07407 1.18556
6.08148 1.18556
6.08889 1.18556
6.0963 1.19906
6.1037 1.19906
6.11111 1.19906
6.11852 1.19906
6.12593 1.19906
6.13333 1.19906
6.14074 1.19906
6.14815 1.20121
6.15556 1.21481
6.16296 1.21481
6.17037 1.23761
6.17778 1.23761
6.18519 1.23761
6.19259 1.23815
6.2 1.25026
6.20741 1.25683
6.21481 1.25683
6.22222 1.25683
6.22963 1.25683
6.23704 1.25683
6.24444 1.2579
6.25185 1.27538
6.25926 1.27538
6.26667 1.27538
6.27407 1.27538
6.28148 1.27538
6.28889 1.27538
6.2963 1.29062
6.3037 1.29091
6.31111 1.29091
6.31852 1.29091
6.32593 1.29091
6.33333 1.3033
6.34074 1.30482
6.34815 1.3098
6.35556 1.3098
6.36296 1.3098
6.37037 1.3098
6.37778 1.3098
6.38519 1.3098
6.39259 1.32597
6.4 1.32676
6.40741 1.32676
6.41481 1.32676
6.42222 1.32676
6.42963 1.32676
6.43704 1.32676
6.44444 1.34193
6.45185 1.34703
6.45926 1.35555
6.46667 1.35812
6.47407 1.35972
6.48148 1.36118
6.48889 1.36118
6.4963 1.36118
6.5037 1.36118
6.51111 1.36118
6.51852 1.36118
6.52593 1.36118
6.53333 1.37414
6.54074 1.37414
6.54815 1.37414
6.55556 1.37414
6.56296 1.3822
6.57037 1.386
6.57778 1.41081
6.58519 1.41081
6.59259 1.41081
6.6 1.41081
6.60741 1.41782
6.61481 1.42105
6.62222 1.42737
6.62963 1.42737
6.63704 1.42737
6.64444 1.42737
6.65185 1.42737
6.65926 1.43709
6.66667 1.43709
6.67407 1.44787
6.68148 1.44984
6.68889 1.4723
6.6963 1.47641
6.7037 1.47951
6.71111 1.48069
6.71852 1.48069
6.72593 1.48069
6.73333 1.48069
6.74074 1.48069
6.74815 1.48069
6.75556 1.48069
6.76296 1.48069
6.77037 1.48069
6.77778 1.48069
6.78519 1.48069
6.79259 1.48069
6.8 1.48069
6.80741 1.48069
