5.74664 0.964058
3.11003 0.269865
3.76988 0.492372
3.40451 0.232707
3.77066 0.492372
3.25934 0.00149164
3.1366 0.348211
3.19798 0.348211
1.7248 0.00165839
1.37782 0.00165839
3.19012 0.348211
4.17497 0.00165839
5.74689 0.1171
4.14273 0.452978
5.21271 0.837846
3.50316 0.429124
0.367521 0.00165839
3.55331 0.18476
3.11835 0.00165839
0.857836 0.00165839
6.15105 1.28667
4.55668 0.669523
5.74682 0.962498
3.06271 0.325953
2.11579 0.117183
4.31382 0.00165839
2.04343 0.00165839
5.61453 0.992537
5.21149 0.835624
2.02222 0.00149164
1.0015 0.00165839
1.82287 0.00149164
5.5756 0.923205
5.74757 0.965604
5.74728 0.1171
5.74664 0.962498
1.90888 0.00165839
1.93528 0.00165839
6.15105 1.28464
4.33162 0.616447
5.57453 0.919864
5.22383 0.849566
5.57595 0.18476
2.09973 0.117183
1.78109 0.1171
5.78138 0.80768
4.51746 0.598888
3.73365 0.441477
2.72151 0.00165839
3.63794 0.00149164
2.94729 0.269865
2.62951 0.232707
5.74821 0.300285
2.15887 0.117183
2.20808 0.117183
3.27135 0.117183
5.74665 0.96145
4.44728 0.689487
4.30626 0.616447
3.09687 0.348211
2.97898 0.300257
2.52699 0.117183
2.99309 0.269865
3.06487 0.00165839
5.75483 0.544649
2.74386 0.232707
3.88305 0.500922
3.71169 0.473841
3.74555 0.483359
3.84492 0.500922
2.57755 0.184705
4.32324 0.765794
3.90814 0.269865
1.51456 0.00165839
5.75198 0.97604
5.57559 0.117183
3.71916 0.00165839
5.57738 0.300257
5.57454 0.919864
5.74664 0.961975
1.92314 0.1171
3.44439 0.415782
3.54025 0.429124
5.21016 0.833371
5.21293 0.835624
1.23708 0.00165839
5.75194 0.978905
4.23478 0.603456
2.13133 0.117183
3.32374 0.269865
5.74729 0.184705
3.71354 0.1171
2.30795 0.117183
1.96113 0.00165839
2.8113 0.232666
3.02443 0.300257
3.10103 0.232666
2.73115 0.232707
3.31212 0.367825
5.75605 0.579255
1.80992 0.00165839
1.61384 0.00165839
4.31341 0.401292
1.74201 0.00165839
5.21093 0.834502
6.15105 1.27386
2.27839 0.117183
1.27431 0.00165839
5.57589 0.923865
4.17409 0.579255
5.61864 0.762359
2.72101 0.232666
2.58554 0.18476
2.30968 0.18476
3.29892 0.385406
3.87926 0.500922
1.86774 0.117183
3.07909 0.325953
1.10685 0.00165839
3.05035 0.325953
3.17243 0.300257
2.7975 0.269898
5.20964 0.832233
5.75325 0.975557
1.58325 0.00165839
3.94066 0.531306
4.22036 0.589361
2.66762 0.232666
3.38708 0.401277
0.00788704 0.00165839
1.38338 0.00165839
5.57451 0.920538
3.29871 0.385406
2.57462 0.18476
5.20964 0.832234
6.01362 1.14681
5.74923 0.348211
5.21018 0.832233
1.74832 0.00165839
4.01645 0.538111
5.57514 0.00165839
6.15105 1.28667
5.58499 0.538111
4.46838 0.69478
1.78123 0.117183
2.49937 0.117183
3.26392 0.117183
2.82787 0.269865
4.19129 0.500922
3.41468 0.300257
5.58782 0.937154
5.75006 0.971647
5.57509 0.921208
5.57606 0.924522
1.66503 0.00149164
6.15105 1.27618
4.17838 0.584384
3.41312 0.415782
5.74665 0.962498
6.15105 1.29007
3.22405 0.367844
1.67588 0.00149164
5.20965 0.832233
0.934031 0.00165839
3.2783 0.300257
5.58167 0.930957
5.74669 0.96145
1.72155 0.00165839
4.08601 0.562851
1.09497 0.00165839
1.61314 0.00165839
1.59277 0.00165839
3.44445 0.00165839
5.74669 0.962498
3.09422 0.300257
3.52671 0.415782
5.75065 0.348211
4.21716 0.544649
5.74665 0.96302
2.35624 0.117183
5.74665 0.96145
3.57239 0.385406
2.16093 0.00165839
3.20259 0.34819
2.39607 0.1171
5.75516 0.987667
1.63564 0.00165839
2.54994 0.232707
2.26568 0.00165839
3.77049 0.483359
3.30732 0.117183
3.25403 0.367825
5.74678 0.00165839
2.38689 0.184705
3.74277 0.415796
3.41355 0.401277
3.3688 0.367844
5.74741 0.96509
2.61744 0.184705
1.54347 0.00165839
5.58415 0.531313
3.36548 0.401277
3.7833 0.385389
3.35601 0.385389
4.56259 0.663349
4.46312 0.269865
0.626978 0.00165839
0.698957 0.00149164
3.24036 0.348211
2.95513 0.232707
3.59488 0.452967
3.79476 0.463736
1.08473 0.00165839
2.17426 0.117183
1.50553 0.00165839
5.64691 1.00755
1.36658 0.00165839
3.69913 0.483359
5.74859 0.967643
5.57705 0.925177
2.02339 0.00149164
5.58865 0.573968
3.95541 0.516802
2.10875 0.00165839
3.15844 0.117183
2.06283 0.1171
5.61156 0.978431
3.57075 0.441477
3.15734 0.325953
0.413211 0.00165839
5.57451 0.919865
4.16376 0.579255
5.57723 0.925177
2.64144 0.184705
5.5963 0.958265
5.575 0.00165839
2.13921 0.00165839
1.33587 0.00165839
2.65974 0.232666
5.74674 0.962498
2.83844 0.269865
5.6275 0.946037
4.22429 0.524219
5.57472 0.922542
3.82903 0.117183
5.62256 0.979849
2.19772 0.1171
1.25925 0.00165839
2.77951 0.269898
2.12394 0.1171
2.01348 0.00149164
5.74965 0.967135
3.4636 0.415782
3.11917 0.325953
5.74765 0.232666
2.39725 0.18476
2.21354 0.117183
1.68999 0.00165839
3.28504 0.00165839
2.03276 0.1171
3.75563 0.516802
3.69793 0.1171
1.77809 0.00165839
2.10464 0.00165839
1.86436 0.00165839
1.99746 0.00165839
2.63306 0.232666
4.28305 0.1171
3.54011 0.429124
3.43085 0.385406
1.22059 0.00149164
5.57482 0.920538
1.27655 0.00165839
3.32354 0.367844
5.74764 0.964058
2.50049 0.18476
4.14436 0.385406
5.74801 0.232707
4.31025 0.620563
1.6316 0.00165839
4.28968 0.607896
2.43347 0.18476
2.29296 0.1171
3.1659 0.00165839
2.39776 0.18476
2.7673 0.232666
3.44633 0.415782
3.43063 0.385389
3.14587 0.325953
2.23552 0.117183
2.9549 0.325929
2.09635 0.00165839
3.35534 0.401292
2.3584 0.117183
2.02531 0.00165839
2.48067 0.00165839
2.47351 0.00165839
1.80664 0.00165839
2.92734 0.00165839
3.84413 0.500922
2.80952 0.184705
3.76981 0.492372
3.24456 0.367825
2.83373 0.269865
6.15105 1.2838
3.65221 0.117183
4.30795 0.616447
1.72421 0.00165839
2.70652 0.232666
5.20968 0.833371
5.74722 0.117183
1.82595 0.00165839
5.74713 0.117183
3.32252 0.385406
5.20996 0.832234
2.69196 0.232666
3.06737 0.325953
2.71909 0.00165839
4.61798 0.00165839
5.57468 0.919864
2.19168 0.00149164
1.10828 0.00165839
3.81942 0.269865
2.67563 0.117183
2.02203 0.00165839
2.83113 0.232707
2.77747 0.232666
2.24542 0.117183
2.29382 0.117183
3.10493 0.325929
3.23 0.348211
3.66316 0.473831
4.42566 0.473841
5.74712 0.18476
3.13183 0.300257
2.70168 0.117183
5.74826 0.348211
4.45932 0.663345
1.98025 0.00165839
2.22512 0.00165839
2.46816 0.117183
5.74813 0.300257
3.50039 0.00165839
3.24976 0.00165839
6.15105 1.28808
1.96208 0.00165839
3.02092 0.325953
4.05384 0.232666
4.24367 0.603456
3.35864 0.348211
5.74664 0.96354
2.87401 0.269865
1.47393 0.00165839
0.876932 0.00149164
3.74597 0.492372
3.34106 0.00165839
2.06292 0.117183
2.03258 0.00165839
2.69734 0.18476
1.62346 0.00165839
3.33206 0.184705
3.89385 0.524212
5.57451 0.921877
5.57558 0.18476
3.94137 0.00165839
3.24259 0.367825
5.74912 0.968653
2.41112 0.117183
2.28405 0.18476
3.27692 0.385406
2.1779 0.1171
3.4636 0.401277
1.32733 0.00165839
2.03096 0.00165839
2.69775 0.1171
5.58679 0.942541
5.74689 0.96145
2.18582 0.00165839
3.51436 0.429124
1.74028 0.117183
3.56955 0.348211
3.1345 0.325953
5.582 0.509055
5.57452 0.920538
1.61746 0.00165839
4.26031 0.594188
3.84725 0.500922
5.20968 0.831089
1.51416 0.00165839
4.40891 0.473841
4.6242 0.232707
3.62559 0.232666
5.20968 0.832234
2.85881 0.269865
5.57451 0.919188
4.61182 0.232707
4.61963 0.699909
3.66823 0.325953
5.74664 0.961975
3.51952 0.429137
5.57451 0.919189
3.07909 0.325953
2.06429 0.117183
3.27452 0.348211
3.74119 0.184705
4.30411 0.616447
2.15816 0.00165839
5.74688 0.964058
3.53214 0.415782
1.85584 0.00165839
2.63681 0.18476
2.62552 0.117183
3.98124 0.538118
1.94364 0.117183
1.71003 0.00165839
3.01503 0.300257
1.77645 0.00165839
2.57977 0.18476
5.57461 0.921208
1.79712 0.00165839
5.74664 0.96302
5.6428 0.872591
2.5532 0.184705
3.80862 0.117183
3.51111 0.415782
5.7468 0.961975
5.78568 0.837846
2.60894 0.00165839
4.22405 0.598884
3.41824 0.232666
5.20967 0.831089
5.20964 0.831089
1.96847 0.00165839
3.4683 0.1171
2.61781 0.232707
3.48188 0.232666
5.20965 0.831089
3.38199 0.401277
2.25289 0.00165839
2.82722 0.269865
3.08927 0.325953
2.4256 0.18476
4.24297 0.607896
1.11572 0.00165839
2.41218 0.184705
1.49187 0.00165839
1.8212 0.00165839
2.28192 0.00165839
2.81074 0.269865
5.20967 0.831089
3.5709 0.232707
2.79334 0.184705
3.67525 0.117183
5.7472 0.961975
5.57459 0.919188
3.89421 0.524219
3.56182 0.463736
5.75006 0.415782
2.84509 0.18476
