0 1.41794
0.33007 1.26646
0.523149 1.18764
0.66014 1.14007
0.766399 1.10486
0.853219 1.07594
0.926624 1.05876
0.99021 1.04447
1.0463 1.02097
1.09647 1.00279
1.18329 0.981096
1.25669 0.947199
1.32028 0.934038
1.37637 0.924014
1.42654 0.898971
1.49309 0.88059
1.55147 0.865775
1.60347 0.846564
1.665 0.815899
1.71948 0.803286
1.77984 0.782843
1.8334 0.766754
1.89062 0.751808
1.94168 0.704995
1.99507 0.71071
2.04955 0.697514
2.10421 0.656928
2.15838 0.630063
2.21161 0.576983
2.26361 0.583953
2.3142 0.535885
2.36658 0.549501
2.41675 0.515442
2.46752 0.531042
2.51822 0.535885
2.56839 0.509839
2.61965 0.446084
2.67118 0.477962
2.72239 0.392556
2.77288 0.327987
2.82361 0.327987
2.87404 0.27992
2.92478 0.347063
2.97526 0.363889
3.02672 0.347063
3.07689 0.149021
3.12699 0.206945
3.17716 0.149021
3.22745 0.206945
3.27784 0.149021
3.32913 0.206945
3.37979 0.248042
3.43019 0.149021
3.48026 0.05
3.53046 0.05
3.58081 0.206945
3.631 0.05
3.68104 0.05
3.73104 0.05
3.78106 0.05
3.83245 0.05
3.88296 0.05
3.93431 0.05
3.98465 0.05
4.03488 0.05
4.08526 0.149021
4.13527 0.149021
4.18541 0.149021
4.23621 0.05
4.28653 0.05
4.3375 0.05
4.38858 0.05
4.44112 0.05
4.49114 0.05
4.54152 0.05
4.59177 0.05
4.64235 0.05
4.69267 0.05
4.74318 0.05
4.79609 0.05
4.84754 0.05
4.89915 0.05
4.95112 0.05
5.00424 0.05
5.06285 0.05
5.11717 0.05
5.17287 0.05
5.22755 0.05
5.28585 0.05
5.34829 0.05
5.40532 0.05
5.47219 0.05
5.53756 0.05
5.59378 0.05
5.68957 0.05
5.75932 0.05
5.98302 0.05
6.40111 0.05
6.64932 0.05
6.76642 0.05
