0.0666667 0.00457777
0.133333 0.25479
0.2 0.853696
0.266667 1.24824
0.333333 1.39331
0.4 1.42816
0.466667 1.42004
0.533333 1.39304
0.6 1.35551
0.666667 1.31239
0.733333 1.26617
0.8 1.21833
0.866667 1.16972
0.933333 1.12089
1 1.07203
1.06667 1.02354
1.13333 0.975645
1.2 0.928513
1.26667 0.88225
1.33333 0.837011
1.4 0.792935
1.46667 0.750095
1.53333 0.708566
1.6 0.6684
1.66667 0.629661
1.73333 0.592389
1.8 0.556611
1.86667 0.52233
1.93333 0.489541
2 0.458307
2.06667 0.428598
2.13333 0.40041
2.2 0.373737
2.26667 0.348529
2.33333 0.32473
2.4 0.30228
2.46667 0.28114
2.53333 0.261233
2.6 0.242536
2.66667 0.224983
2.73333 0.208542
2.8 0.193147
2.86667 0.178732
2.93333 0.165255
3 0.152681
3.06667 0.140941
3.13333 0.13
3.2 0.119812
3.26667 0.110336
3.33333 0.101513
3.4 0.0932887
3.46667 0.0856542
3.53333 0.0785572
3.6 0.0719981
3.66667 0.065912
3.73333 0.0602715
3.8 0.0550593
3.86667 0.0502367
3.93333 0.0457762
4 0.0416637
4.06667 0.0378735
4.13333 0.0343925
4.2 0.0311875
4.26667 0.0282382
4.33333 0.0255323
4.4 0.0230464
4.46667 0.0207671
4.53333 0.0186768
4.6 0.01677
4.66667 0.0150324
4.73333 0.0134537
4.8 0.0120132
4.86667 0.0107072
4.93333 0.00952185
5 0.00844492
5.06667 0.00746908
5.13333 0.00658723
5.2 0.00578931
5.26667 0.00506946
5.33333 0.00441985
5.4 0.00383931
5.46667 0.00332338
5.53333 0.00286492
5.6 0.00245754
5.66667 0.00209246
5.73333 0.00177046
5.8 0.001486
5.86667 0.00123777
5.93333 0.00102108
6 0.000832769
6.06667 0.000668077
6.13333 0.000525769
6.2 0.000405615
6.26667 0.000306077
6.33333 0.000224
6.4 0.000156
6.46667 0.000101385
