0.08 2.32923
0.41007 2.05208
0.603149 1.90597
0.74014 1.81109
0.846399 1.73769
0.933219 1.68083
1.00662 1.63044
1.07021 1.58817
1.1263 1.55117
1.17647 1.51987
1.26329 1.46172
1.33669 1.41454
1.40028 1.37668
1.45637 1.33806
1.50654 1.30367
1.57309 1.26342
1.63147 1.22538
1.68347 1.18808
1.745 1.15356
1.79948 1.11136
1.85984 1.07831
1.9134 1.03394
1.97062 0.997617
2.02168 0.966208
2.07507 0.934915
2.12955 0.883961
2.18421 0.832352
2.23838 0.805467
2.29161 0.773228
2.34361 0.749691
2.3942 0.697514
2.44658 0.707881
2.49675 0.60886
2.54752 0.634906
2.59822 0.614463
2.64839 0.565845
2.69965 0.520834
2.75118 0.436864
2.80239 0.427008
2.85288 0.446084
2.90361 0.363889
2.95404 0.305966
3.00478 0.248042
3.05526 0.27992
3.10589 0.149021
3.15614 0.05
3.20632 0.149021
3.25656 0.05
3.30799 0.206945
3.35881 0.05
3.41001 0.05
3.46136 0.05
3.51161 0.149021
3.56439 0.05
3.61588 0.05
3.67153 0.05
3.72158 0.05
3.77688 0.05
3.8277 0.05
3.88969 0.05
3.94595 0.05
3.99601 0.05
4.091 0.05
4.16202 0.05
4.22626 0.05
4.27836 0.05
4.33167 0.05
4.38888 0.05
4.44906 0.05
4.83304 0.05
5.08648 0.05
