0.04 2.11594
0.37007 1.91822
0.563149 1.8075
0.70014 1.73269
0.806399 1.67361
0.893219 1.62713
0.966624 1.58769
1.03021 1.55413
1.0863 1.52355
1.13647 1.49555
1.22329 1.45025
1.29669 1.40789
1.36028 1.37368
1.41637 1.34544
1.46654 1.31764
1.53309 1.28038
1.59147 1.2474
1.64347 1.21721
1.705 1.18518
1.75948 1.15711
1.81984 1.12158
1.8734 1.09254
1.93062 1.05642
1.98168 1.02661
2.03507 0.999484
2.08955 0.967375
2.14421 0.934331
2.19838 0.897842
2.25161 0.871342
2.30361 0.835894
2.3542 0.81043
2.40658 0.785356
2.45675 0.760962
2.50752 0.713484
2.55822 0.700554
2.60839 0.596949
2.65965 0.60886
2.71118 0.593809
2.76239 0.553766
2.81288 0.504008
2.86361 0.54057
2.91404 0.427008
2.96478 0.427008
3.01526 0.416421
3.06589 0.436864
3.11614 0.327987
3.16632 0.305966
3.21656 0.149021
3.26691 0.206945
3.31735 0.305966
3.36738 0.27992
3.41742 0.05
3.46771 0.206945
3.51834 0.149021
3.56845 0.05
3.61848 0.05
3.66867 0.05
3.71894 0.05
3.76896 0.05
3.81902 0.05
3.86924 0.05
3.92049 0.149021
3.97246 0.05
4.0241 0.05
4.07508 0.05
4.12526 0.05
4.17888 0.149021
4.23067 0.05
4.28262 0.05
4.33381 0.05
4.38456 0.05
4.45101 0.05
4.51625 0.05
4.56741 0.05
4.65046 0.05
4.70662 0.05
4.80122 0.05
4.85363 0.05
4.952 0.05
5.01614 0.05
5.09267 0.05
5.16385 0.05
