0.173333 0.00434301
0.24 0.0200951
0.306667 0.045221
0.373333 0.0756041
0.44 0.109143
0.506667 0.144873
0.573333 0.18226
0.64 0.220914
0.706667 0.26054
0.773333 0.300894
0.84 0.341767
0.906667 0.382971
0.973333 0.424336
1.04 0.465695
1.10667 0.506901
1.17333 0.547815
1.24 0.58831
1.30667 0.628268
1.37333 0.66758
1.44 0.706153
1.50667 0.743899
1.57333 0.780745
1.64 0.816623
1.70667 0.851478
1.77333 0.885263
1.84 0.917941
1.90667 0.949483
1.97333 0.979866
2.04 1.00908
2.10667 1.03712
2.17333 1.06398
2.24 1.08969
2.30667 1.11424
2.37333 1.13766
2.44 1.15998
2.50667 1.1812
2.57333 1.20135
2.64 1.22047
2.70667 1.23859
2.77333 1.25573
2.84 1.27193
2.90667 1.28722
2.97333 1.30163
3.04 1.31521
3.10667 1.32797
3.17333 1.33997
3.24 1.35122
3.30667 1.36177
3.37333 1.37165
3.44 1.38088
3.50667 1.3895
3.57333 1.39754
3.64 1.40503
3.70667 1.41199
3.77333 1.41846
3.84 1.42447
3.90667 1.43003
3.97333 1.43517
4.04 1.43993
4.10667 1.44431
4.17333 1.44835
4.24 1.45206
4.30667 1.45547
4.37333 1.4586
4.44 1.46146
4.50667 1.46407
4.57333 1.46645
4.64 1.46862
4.70667 1.47059
4.77333 1.47237
4.84 1.47398
4.90667 1.47544
4.97333 1.47675
5.04 1.47792
5.10667 1.47897
5.17333 1.47991
5.24 1.48075
5.30667 1.48149
5.37333 1.48214
5.44 1.48271
5.50667 1.48322
5.57333 1.48365
5.64 1.48403
5.70667 1.48436
5.77333 1.48464
5.84 1.48487
5.90667 1.48507
5.97333 1.48524
6.04 1.48538
6.10667 1.48549
6.17333 1.48558
6.24 1.48564
6.30667 1.4857
6.37333 1.48574
6.44 1.48576
6.50667 1.48578
6.57333 1.48579
6.64 1.4858
6.70667 1.4858
